1732674391825 0.43841883540153503 0
1732674392945 0.10872868448495865 22
1732674393682 0.009845294058322906 44
1732674394437 0.004599412437528372 66
1732674395323 0.0020814803428947926 88
1732674396120 0.0018701713997870684 110
1732674396776 0.0021511937957257032 132
1732674397432 0.001462988555431366 154
1732674398084 0.0012328033335506916 176
1732674398435 0.002514550229534507 198
1732674398814 0.001230131834745407 220
1732674399266 0.001971973804756999 242
1732674399713 0.0006152902496978641 264
1732674400165 0.001125355251133442 286
1732674400496 0.0012267911806702614 308
1732674400844 0.002426909049972892 330
1732674401215 0.0015291707823053002 352
1732674401534 0.0014618262648582458 374
1732674401906 0.0016961459768936038 396
1732674402221 0.0006766117876395583 418
1732674402563 0.0015732316533103585 440
1732674402969 0.0012243917444720864 462
1732674403318 0.0014489471213892102 484
1732674403676 0.0008154747192747891 506
1732674404040 0.0007669607875868678 528
1732674404401 0.0015141753247007728 550
1732674404754 0.0006979455938562751 572
1732674405144 0.001117243547923863 594
1732674405493 0.0012569492682814598 616
1732674405856 0.0006947737419977784 638
