1732674233140 0.3559967577457428 0
1732674233824 0.02397427335381508 22
1732674235997 0.00344956386834383 44
1732674236667 0.002964193234220147 66
1732674237399 0.002762905787676573 88
1732674237988 0.0013784185284748673 110
1732674238510 0.0014653753023594618 132
1732674239319 0.002348764333873987 154
1732674239916 0.002152099274098873 176
1732674240489 0.0019080622587352991 198
1732674241146 0.0012365577276796103 220
1732674241789 0.0017579369014129043 242
1732674242342 0.0012662914814427495 264
1732674243029 0.0013984154211357236 286
1732674243549 0.0019575203768908978 308
1732674244226 0.0010527420090511441 330
1732674244931 0.000763223331887275 352
1732674245497 0.0007081321091391146 374
1732674246133 0.0011515809455886483 396
1732674246848 0.0006617825129069388 418
1732674247525 0.0011767740361392498 440
1732674248176 0.0012572889681905508 462
1732674248914 0.0009907492203637958 484
1732674249512 0.0014505945146083832 506
1732674250296 0.0014351337449625134 528
1732674251109 0.0007909716805443168 550
1732674251795 0.0007666430901736021 572
1732674252534 0.000748383579775691 594
1732674253320 0.0009424865711480379 616
1732674254101 0.0014540760312229395 638
1732674254810 0.0011031122412532568 660
1732674255631 0.0010273782536387444 682
1732674256285 0.0011574861127883196 704
1732674256847 0.0014408323913812637 726
1732674257328 0.0012876569526270032 748
1732674257779 0.0012553348205983639 770
1732674258211 0.0009899622527882457 792
1732674258625 0.0012684405082836747 814
1732674259052 0.0007250244962051511 836
1732674259408 0.0009466075571253896 858
1732674259882 0.0010760697769001126 880
1732674260295 0.000686483399476856 902
1732674260691 0.0007297272095456719 924
1732674261265 0.0005118685076013207 946
1732674261707 0.0007053756853565574 968
1732674262128 0.0010257319081574678 990
1732674262522 0.0010623872512951493 1012
1732674264551 0.0007212816271930933 1034
1732674265948 0.0009321398683823645 1056
1732674266401 0.0008030375465750694 1078
