1732673648171 0.4681348204612732 0
1732673648711 0.08598779141902924 22
1732673649154 0.008230340667068958 44
1732673649597 0.0026362547650933266 66
1732673650390 0.0026650934014469385 88
1732673651147 0.0020836081821471453 110
1732673651683 0.0021337619982659817 132
1732673652243 0.002481068717315793 154
1732673652759 0.002128118183463812 176
1732673653574 0.002439707750454545 198
1732673654282 0.0018081578891724348 220
1732673654931 0.0015699523501098156 242
1732673655616 0.0009600319899618626 264
1732673656344 0.0010209651663899422 286
1732673656977 0.0011671335669234395 308
1732673657459 0.001178501290269196 330
1732673657995 0.0010239777620881796 352
1732673658502 0.0008572940714657307 374
1732673659014 0.0016237851232290268 396
1732673659564 0.00158296141307801 418
1732673660086 0.001276335446164012 440
1732673660568 0.0010285559110343456 462
1732673661201 0.0008842562092468143 484
1732673661948 0.0009208532283082604 506
1732673662551 0.0009746593423187733 528
1732673663033 0.001470681163482368 550
1732673663525 0.0016011354746297002 572
1732673663992 0.0016615495551377535 594
1732673664469 0.0011244290508329868 616
1732673664985 0.0008335147285833955 638
1732673665562 0.0010199343087151647 660
1732673666007 0.0015858308179304004 682
1732673666481 0.0016988024581223726 704
1732673666982 0.0010047868127003312 726
1732673667432 0.0008855798514559865 748
1732673667860 0.0009232389274984598 770
1732673668326 0.001214518677443266 792
1732673668804 0.0011103329015895724 814
1732673669274 0.0011586564360186458 836
1732673669709 0.0007194484351202846 858
1732673670103 0.0013350916560739279 880
1732673670543 0.0012997088488191366 902
1732673670984 0.0009446936310268939 924
1732673671437 0.0008864249684847891 946
1732673671867 0.000639800971839577 968
1732673672336 0.0008768086554482579 990
1732673672768 0.0009209878044202924 1012
1732673673206 0.0014389394782483578 1034
1732673673670 0.0008945497684180737 1056
1732673674055 0.0009381129639223218 1078
