1732672147183 0.40003690123558044 0
1732672147776 0.02497807703912258 22
1732672148535 0.005497751757502556 44
1732672149487 0.0036134920082986355 66
1732672150272 0.0020499476231634617 88
1732672150941 0.0021225083619356155 110
1732672151423 0.0019635329954326153 132
1732672151870 0.0020510402973741293 154
1732672152423 0.00216173124499619 176
1732672152793 0.002095685340464115 198
1732672153217 0.0026270942762494087 220
1732672153665 0.0014442241517826915 242
1732672154154 0.001382733229547739 264
1732672154642 0.001430231030099094 286
1732672155114 0.0017724345671012998 308
1732672155617 0.0009831878123804927 330
1732672156095 0.0013257302343845367 352
1732672156595 0.0013401691103354096 374
1732672157098 0.0017869467847049236 396
1732672157620 0.002066243439912796 418
1732672158122 0.0009131687693297863 440
1732672158697 0.0024156549479812384 462
1732672159270 0.0012011963408440351 484
1732672159906 0.0012246043188497424 506
1732672160414 0.0012617898173630238 528
1732672160954 0.0011392085580155253 550
1732672161575 0.0007819244056008756 572
1732672162154 0.0016269232146441936 594
1732672162692 0.0014434854965656996 616
1732672163157 0.0010563463438302279 638
1732672163621 0.0007996135391294956 660
1732672164149 0.0010110934963449836 682
1732672164768 0.0013111900771036744 704
1732672165291 0.0014770702691748738 726
1732672165909 0.0009514304692856967 748
1732672166344 0.0007632001652382314 770
1732672166848 0.0012240057112649083 792
1732672167334 0.001467697904445231 814
1732672167833 0.0007523327367380261 836
1732672168462 0.0007666982128284872 858
1732672169041 0.0011429490987211466 880
1732672169558 0.0010793423280119896 902
1732672170019 0.0011142053408548236 924
1732672170502 0.001050003687851131 946
1732672171051 0.0010199869284406304 968
1732672171552 0.0007951598963700235 990
1732672172041 0.000893128861207515 1012
1732672172497 0.0010624306742101908 1034
1732672172924 0.0012204984668642282 1056
1732672173375 0.0008117584511637688 1078
