1732993322573 0.337943434715271 0
1732993325566 0.003652080660685897 44
1732993328071 0.0015817353269085288 88
1732993330453 0.00273207388818264 132
1732993332825 0.0008593478123657405 176
1732993335383 0.0018223680090159178 220
1732993338011 0.0010205501457676291 264
1732993340741 0.0011229828232899308 308
1732993343511 0.0010242165299132466 352
1732993346394 0.0018859129631891847 396
1732993348874 0.0008489154279232025 440
1732993351579 0.0008992755319923162 484
1732993354537 0.0004225363954901695 528
1732993356777 0.0017390057910233736 572
1732993359325 0.0008119812700897455 616
1732993361901 0.00031691131880506873 660
1732993364606 0.0010317156556993723 704
1732993367254 0.0006187440594658256 748
1732993369781 0.001051268307492137 792
1732993372293 0.0013762161834165454 836
1732993375017 0.00048466381849721074 880
1732993377615 0.0012810498010367155 924
1732993380262 0.0006987345986999571 968
1732993382753 0.0008155509131029248 1012
1732993385244 0.0013452381826937199 1056
1732993387997 0.00031160537037067115 1100
1732993390590 0.00031473374110646546 1144
1732993393210 0.0006768360617570579 1188
1732993395893 0.0010781425517052412 1232
1732993398673 0.0014973609941080213 1276
1732993402373 0.0005632107495330274 1320
1732993404876 0.0006540996837429702 1364
1732993407675 0.0004685567691922188 1408
1732993410053 0.0008033437188714743 1452
1732993412730 0.0005358017515391111 1496
1732993415318 0.0007254508091136813 1540
1732993417961 0.0005780145875178277 1584
1732993420786 0.00033780804369598627 1628
1732993423460 0.00051495322259143 1672
1732993426024 0.0010945720132440329 1716
1732993429000 0.0009653520537540317 1760
1732993431569 0.00040686485590413213 1804
1732993434308 0.0016483454965054989 1848
