1732674097197 0.40410786867141724 0
1732674097814 0.09568652510643005 22
1732674099281 0.01219711173325777 44
1732674100541 0.005919364280998707 66
1732674101661 0.002991550136357546 88
1732674102153 0.0030524390749633312 110
1732674102611 0.0019662226550281048 132
1732674103003 0.002670451533049345 154
1732674103421 0.0022264106664806604 176
1732674103836 0.0020839893259108067 198
1732674104221 0.0016474084695801139 220
1732674104560 0.0021482869051396847 242
1732674104921 0.0017551346682012081 264
1732674105246 0.0016257178504019976 286
1732674105635 0.0017110329354181886 308
1732674105998 0.0016027470119297504 330
1732674106345 0.0014195276889950037 352
1732674106695 0.0018502745078876615 374
1732674107034 0.0021270771976560354 396
1732674107369 0.0011422019451856613 418
1732674107742 0.0013226582668721676 440
1732674108104 0.0013714656233787537 462
1732674108477 0.001735054887831211 484
1732674108855 0.0008893890772014856 506
1732674109221 0.0009292744798585773 528
1732674109571 0.001518606091849506 550
1732674109937 0.0009339046664535999 572
1732674110293 0.0011334510054439306 594
1732674110665 0.0009227170958183706 616
1732674111000 0.0012205794919282198 638
1732674111363 0.0014638681896030903 660
1732674111790 0.0013467608951032162 682
1732674112122 0.00071527628460899 704
1732674112475 0.001027456484735012 726
1732674112825 0.0011220171581953764 748
1732674113181 0.0007294527604244649 770
1732674113534 0.0008204554906114936 792
1732674113916 0.0010761800222098827 814
1732674114340 0.0009586798842065036 836
1732674114712 0.0008020823588594794 858
1732674115053 0.0007110689766705036 880
1732674115391 0.000852426397614181 902
1732674115867 0.0007668189355172217 924
1732674116208 0.0009410562925040722 946
1732674116550 0.0009501586901023984 968
1732674116993 0.0006503613549284637 990
1732674117334 0.0016470089321956038 1012
1732674117724 0.000596099765971303 1034
1732674118128 0.0006761393742635846 1056
1732674118501 0.000890561961568892 1078
