1732677231725 0.3203197121620178 0
1732677232110 0.039114225655794144 22
1732677232597 0.005511824507266283 44
1732677233059 0.002021865686401725 66
1732677233759 0.002754800021648407 88
1732677234347 0.0012821294367313385 110
1732677234834 0.002397687640041113 132
1732677235335 0.0017454589251428843 154
1732677235988 0.0017017729114741087 176
1732677236357 0.0016711812932044268 198
1732677236767 0.0015946371713653207 220
1732677237154 0.0023625099565833807 242
1732677237494 0.0009760977700352669 264
1732677237859 0.0009817627724260092 286
1732677238494 0.0009821515996009111 308
1732677241414 0.00044621966662816703 330
1732677241846 0.0012258283095434308 352
1732677242191 0.0007023288635537028 374
1732677242559 0.001059907954186201 396
1732677242902 0.0011518584797158837 418
1732677243453 0.0010331794619560242 440
1732677244033 0.0008211429812945426 462
1732677244551 0.0014421457890421152 484
1732677245048 0.0014115653466433287 506
1732677245537 0.001232114969752729 528
1732677246076 0.001269244123250246 550
1732677246607 0.0009803330758586526 572
1732677247099 0.001159472158178687 594
1732677247597 0.0012301934184506536 616
1732677248162 0.0007189805037342012 638
