1732671674411 0.4620264172554016 0
1732671674436 0.45872294902801514 1
1732671674458 0.4360548456509908 2
1732671674488 0.4210275858640671 3
1732671674527 0.4039237678050995 4
1732671674571 0.40241839985052746 5
1732671674741 0.39652991720608305 6
1732671674909 0.3867085129022598 7
1732671675005 0.3766937918133206 8
1732671675071 0.3656085342168808 9
1732671675158 0.3566142347725955 10
1732671675219 0.3454517796635628 11
1732671675313 0.3356796766702945 12
1732671675376 0.3272903433867863 13
1732671675421 0.31873374978701274 14
1732671675503 0.3109080819413066 15
1732671675552 0.2990152805167086 16
1732671675604 0.2903228464225928 17
1732671675643 0.2793579325079918 18
1732671675687 0.27418655194342134 19
1732671675741 0.2679400930092448 20
1732671675810 0.26115197417410935 21
1732671675896 0.12769319117069244 22
1732671675965 0.12118866294622421 23
1732671676033 0.10844567169745763 24
1732671676077 0.0919927004724741 25
1732671676148 0.08455622345209121 26
1732671676185 0.08231637875239055 27
1732671676222 0.07938952690788678 28
1732671676272 0.07479997770860791 29
1732671676317 0.07443641333116426 30
1732671676346 0.07113729380071163 31
1732671676396 0.06932468881661241 32
1732671676435 0.06701295915991068 33
1732671676469 0.06387967186478469 34
1732671676523 0.06087658168481929 35
1732671676551 0.05892631895840168 36
1732671676580 0.0557539367582649 37
1732671676622 0.05337650411050109 38
1732671676664 0.051162202583832875 39
1732671676711 0.04901677928864956 40
1732671676759 0.047214207146316765 41
1732671676794 0.04543156904124078 42
1732671676836 0.0439064702950418 43
1732671676872 0.006553840823471546 44
1732671676999 0.006925656693056226 45
1732671677034 0.007391831061492364 46
1732671677088 0.008538263500668108 47
1732671677175 0.008801126573234796 48
1732671677212 0.008909201947972178 49
1732671677284 0.00923940200092537 50
1732671677336 0.010039123066235334 51
1732671677358 0.010079503214607636 52
1732671677394 0.010150628117844462 53
1732671677439 0.00991193446415392 54
1732671677486 0.009943256969563663 55
1732671677524 0.00970251471377336 56
1732671677550 0.009491092625207134 57
1732671677593 0.00924558580542604 58
1732671677631 0.008947916590841487 59
1732671677665 0.008776203783995965 60
1732671677699 0.00870199555841585 61
1732671677733 0.008535197568371108 62
1732671677762 0.008423305698670447 63
1732671677788 0.008215974195904675 64
1732671677814 0.008064175490289927 65
1732671677848 0.005347465630620718 66
1732671677890 0.0051052814815193415 67
1732671677944 0.004912026847402255 68
1732671677964 0.00527757394593209 69
1732671677991 0.005482054594904184 70
1732671678021 0.005546326671416561 71
1732671678050 0.006048546904431922 72
1732671678077 0.0058949890662916005 73
1732671678135 0.005826225400798851 74
1732671678166 0.005747035052627325 75
1732671678202 0.005639676343310963 76
1732671678247 0.005394447090414663 77
1732671678285 0.005459894175426318 78
1732671678319 0.005362012955759253 79
1732671678348 0.005231831610823671 80
1732671678389 0.005244109153863974 81
1732671678412 0.005161776700440575 82
1732671678462 0.005069924583141174 83
1732671678523 0.0050331065798864556 84
1732671678561 0.004977424826938659 85
1732671678595 0.004862383030177582 86
1732671678622 0.0047659072813323955 87
1732671678658 0.0032639061100780964 88
1732671678688 0.0033100370783358812 89
1732671678721 0.0031754240238418183 90
1732671678765 0.0031876888242550194 91
1732671678795 0.003129930468276143 92
1732671678834 0.003027430192256967 93
1732671678867 0.0031867438395108494 94
1732671678905 0.003190361021552235 95
1732671678953 0.003061706588293115 96
1732671678987 0.0030144236516207457 97
1732671679018 0.0029442922889508986 98
1732671679060 0.0028656399808824062 99
1732671679088 0.0028503991018694183 100
1732671679149 0.002875667730612414 101
1732671679184 0.002888212352991104 102
1732671679218 0.0028264521242817864 103
1732671679264 0.0028481620144756403 104
1732671679290 0.0028260062552160686 105
1732671679332 0.0028149194917396494 106
1732671679359 0.0027712332899682223 107
1732671679392 0.00278424534813634 108
1732671679423 0.002713901064866646 109
1732671679474 0.002104678191244602 110
1732671679515 0.002497768378816545 111
1732671679567 0.0028912844136357307 112
1732671679606 0.0029212001827545464 113
1732671679640 0.0026894182665273547 114
1732671679664 0.002734310362332811 115
1732671679694 0.0028749753421704683 116
1732671679730 0.0027297855267534032 117
1732671679778 0.0026182476172430646 118
1732671679825 0.0025649266317486763 119
1732671679859 0.002462667561220852 120
1732671679884 0.0024476092269954584 121
1732671679928 0.002368536491233569 122
1732671679980 0.002361818017171962 123
1732671680027 0.0023760381154716015 124
1732671680073 0.00236502212646883 125
1732671680111 0.0023226399207487702 126
1732671680182 0.002328967164632761 127
1732671680212 0.0022847588897045505 128
1732671680252 0.002239578537410125 129
1732671680288 0.002230106614574435 130
1732671680318 0.0022019700951535592 131
1732671680359 0.0015785768628120422 132
1732671680384 0.001767787616699934 133
1732671680408 0.0017766796906168263 134
1732671680453 0.001823885104386136 135
1732671680500 0.0019949469016864894 136
1732671680559 0.0020014631057468555 137
1732671680591 0.0019333335138591273 138
1732671680649 0.0018389922188362107 139
1732671680699 0.0018899831532811124 140
1732671680742 0.0019286737428046764 141
1732671680783 0.001962984160689468 142
1732671680817 0.0019577801576815546 143
1732671680843 0.00192990404768632 144
1732671680888 0.0019101044163107872 145
1732671680945 0.0020033840866138537 146
1732671681020 0.0019929816262447275 147
1732671681058 0.002043605350670131 148
1732671681181 0.0020423960264047813 149
1732671681229 0.0020360494841282304 150
1732671681268 0.0020374734769575296 151
1732671681306 0.0020108988031833654 152
1732671681341 0.0019993297385305846 153
1732671681378 0.0023439445067197084 154
1732671681436 0.0022508915280923247 155
1732671681491 0.002229835372418165 156
1732671681536 0.0022606044076383114 157
1732671681582 0.002255939319729805 158
1732671681626 0.002201901205504934 159
1732671681683 0.0020853025738948156 160
1732671681737 0.0020453441102290526 161
1732671681773 0.002059209225181904 162
1732671681807 0.0020781550440005956 163
1732671681836 0.002011844443834641 164
1732671681880 0.001962884940439835 165
1732671681916 0.0019735754377996693 166
1732671681947 0.0019367328911487544 167
1732671682032 0.00199934970587492 168
1732671682099 0.0019919304104405455 169
1732671682184 0.001979057095013559 170
1732671682228 0.002019764318700052 171
1732671682283 0.001984110322633856 172
1732671682320 0.001966820890083909 173
1732671682376 0.001924152153411082 174
1732671682414 0.0019349800740284 175
1732671682464 0.0024884818121790886 176
1732671682515 0.00229872006457299 177
1732671682561 0.0021016290799404183 178
1732671682600 0.002201916795456782 179
1732671682645 0.0022242381935939195 180
1732671682685 0.0021436496754176915 181
1732671682738 0.0021530476099412355 182
1732671682770 0.0021711405279347673 183
1732671682825 0.0021565304163636435 184
1732671682871 0.0020607926649972796 185
1732671682903 0.0020889695310457187 186
1732671682942 0.002056010668942084 187
1732671682990 0.00203744292509957 188
1732671683041 0.0019937622543823507 189
1732671683082 0.002015075405749182 190
1732671683128 0.002021402098762337 191
1732671683185 0.0019882657934966333 192
1732671683217 0.0019809874744775393 193
1732671683245 0.0019519650928774162 194
1732671683286 0.001925822236808017 195
1732671683328 0.0018843680986070207 196
1732671683363 0.0018710315714336255 197
1732671683393 0.0020930198952555656 198
1732671683429 0.001966502342838794 199
1732671683471 0.0022474375631039343 200
1732671683500 0.002156823029508814 201
1732671683544 0.0020266665844246743 202
1732671683589 0.002019295139083018 203
1732671683639 0.0019244823072637831 204
1732671683663 0.0019193131884094328 205
1732671683699 0.0018676456788347827 206
1732671683724 0.0018759009893983603 207
1732671683750 0.0019770142495293508 208
1732671683786 0.001924357347888872 209
1732671683828 0.0018572421798195976 210
1732671683863 0.0018354071487140442 211
1732671683901 0.001810121163725853 212
1732671683945 0.0017750015322235413 213
1732671683961 0.0017769011764732353 214
1732671684016 0.0017778485521881117 215
1732671684079 0.001761649171576688 216
1732671684144 0.0017756456159986555 217
1732671684171 0.0017957091885840608 218
1732671684203 0.0017792840001427314 219
1732671684235 0.0012803941499441862 220
1732671684271 0.0017094097565859556 221
1732671684314 0.0016857310353467863 222
1732671684348 0.0015193886356428266 223
1732671684391 0.001585777709260583 224
1732671684430 0.001567576953675598 225
1732671684459 0.0017473592722256268 226
1732671684509 0.001708381503704004 227
1732671684558 0.0016441482196872432 228
1732671684592 0.0016103444271720947 229
1732671684633 0.0016626602737233043 230
1732671684661 0.0016831980804757525 231
1732671684689 0.0016439488121809869 232
1732671684725 0.0016503948884617006 233
1732671684768 0.0016826583227763574 234
1732671684813 0.0016626230280962773 235
1732671684856 0.0016796350383254536 236
1732671684890 0.001678469746063153 237
1732671684928 0.0016733835647372824 238
1732671684971 0.001703283516690135 239
1732671685002 0.0017145395256756317 240
1732671685029 0.0017077675332653928 241
1732671685081 0.002425780985504389 242
1732671685144 0.0019761614385060966 243
1732671685207 0.0018562969441215198 244
1732671685253 0.0017168338526971638 245
1732671685288 0.0016092766774818302 246
1732671685334 0.001647009727700303 247
1732671685376 0.0016447425919717976 248
1732671685415 0.001652049453696236 249
1732671685446 0.001632531962564422 250
1732671685480 0.0016579810879193246 251
1732671685528 0.0015681167821061206 252
1732671685567 0.0015623786457581446 253
1732671685617 0.0015814736745176981 254
1732671685689 0.0015867003780190966 255
1732671685732 0.0015806441466944914 256
1732671685769 0.0015994501118257176 257
1732671685793 0.0016100866453009931 258
1732671685834 0.0016367920680851159 259
1732671685874 0.0016163818409519368 260
1732671685910 0.0016139245679369196 261
1732671685955 0.001609920288458289 262
1732671685985 0.0016837849318769506 263
1732671686022 0.0017379098571836948 264
1732671686182 0.0017907643341459334 265
1732671686232 0.0018383169469113152 266
1732671686273 0.0019408369262237102 267
1732671686314 0.0018243832048028708 268
1732671686342 0.0017615550896152854 269
1732671686377 0.0017559991517503346 270
1732671686418 0.001755278033670038 271
1732671686464 0.0017234604521137145 272
1732671686521 0.0017122417804785073 273
1732671686565 0.0017396696441044862 274
1732671686611 0.001697724898500989 275
1732671686649 0.0016375572349016483 276
1732671686696 0.0016190015760782575 277
1732671686730 0.0016562383233880004 278
1732671686771 0.0016560994627070613 279
1732671686795 0.0016954961191753253 280
1732671686842 0.0016834689756958848 281
1732671686892 0.0016764886187095392 282
1732671686944 0.0016585170291364194 283
1732671687022 0.0016676375997208414 284
1732671687056 0.0016257736371533776 285
1732671687100 0.001237715594470501 286
1732671687194 0.0016253102803602815 287
1732671687242 0.001758633569503824 288
1732671687286 0.0015890899812802672 289
1732671687506 0.0014937145402655005 290
1732671687598 0.0014347577816806734 291
1732671688541 0.0014562364002423628 292
1732671688735 0.0014586212346330285 293
1732671688794 0.0014916211237303084 294
1732671688834 0.001448660111054778 295
1732671688878 0.0014715402450581844 296
1732671688903 0.0014751252601854503 297
1732671688949 0.0014798009696488197 298
1732671688992 0.0015923425588490708 299
1732671689049 0.001555232028476894 300
1732671689095 0.0015469070422113873 301
1732671689162 0.0015675602138371153 302
1732671689212 0.0015944409792104529 303
1732671689264 0.001596760709377888 304
1732671689309 0.0015789371333085 305
1732671689343 0.0015512112960485475 306
1732671689374 0.0015405961841514165 307
1732671689454 0.0014482098631560802 308
1732671689493 0.0014405163237825036 309
1732671689533 0.0015425773259873192 310
1732671689567 0.0014773530419915915 311
1732671689618 0.001312438037712127 312
1732671689669 0.0013988654148609687 313
1732671689716 0.0014593124838678964 314
1732671689752 0.0014538844625349157 315
1732671689799 0.0013920030647164418 316
1732671689833 0.0013500921602826565 317
1732671689869 0.0013878847927447748 318
1732671689922 0.0014472515079736088 319
1732671689966 0.0014868075377307832 320
1732671690008 0.001447454173882891 321
1732671690050 0.0014544461970217525 322
1732671690095 0.0014749735018995125 323
1732671690158 0.0014550994622849805 324
1732671690217 0.0014685511543777669 325
1732671690272 0.0014681916493971489 326
1732671690315 0.001495866387267597 327
1732671690380 0.0014882621693513578 328
1732671690416 0.0014986534766979855 329
1732671690480 0.001545009552501142 330
1732671690531 0.001565636310260743 331
1732671690589 0.0016086105024442077 332
1732671690625 0.0015726167475804687 333
1732671690656 0.0014551523374393583 334
1732671690700 0.0014848564945471783 335
1732671690732 0.0014286115765571594 336
1732671690765 0.0013764599279966205 337
1732671690809 0.0014346541785117653 338
1732671690873 0.001410118385683745 339
1732671690923 0.0014147224137559533 340
1732671690962 0.0015007780845432233 341
1732671690993 0.0015586345152069742 342
1732671691030 0.0015263778207424497 343
1732671691062 0.001531156850978732 344
1732671691098 0.0015288047579815611 345
1732671691164 0.0015151371891774675 346
1732671691194 0.0015091002569533885 347
1732671691236 0.0014819433042583497 348
1732671691278 0.0015027831424959004 349
1732671691307 0.0014862648067286326 350
1732671691353 0.0014689927867783065 351
1732671691386 0.001201229402795434 352
1732671691420 0.0011630069930106401 353
1732671691458 0.001307993506391843 354
1732671691506 0.0012379414984025061 355
1732671691551 0.0013673100620508194 356
1732671691578 0.001497696852311492 357
1732671691625 0.0015482488587232573 358
1732671691669 0.0014742094062967226 359
1732671691714 0.0015442138925815623 360
1732671691740 0.0016057336353696883 361
1732671691783 0.0015463618434626949 362
1732671691822 0.0015047054621390998 363
1732671691867 0.0015055721428675146 364
1732671691893 0.0014946381395150507 365
1732671691929 0.001537913860132297 366
1732671691974 0.0015490836958633736 367
1732671692008 0.0015539581654593349 368
1732671692041 0.0015342547622923222 369
1732671692087 0.0015141323000486743 370
1732671692122 0.001512174279196188 371
1732671692166 0.0014966697531885334 372
1732671692202 0.0014836742616766555 373
1732671692249 0.0017161645228043199 374
1732671692289 0.0018132823752239347 375
1732671692324 0.0018757650007804234 376
1732671692368 0.0018198027973994613 377
1732671692413 0.0016747550340369343 378
1732671692451 0.001707028034919252 379
1732671692506 0.0016128488184352005 380
1732671692538 0.0015263855457305908 381
1732671692570 0.0015028743978796734 382
1732671692599 0.0014896472683176398 383
1732671692627 0.0014372477360831742 384
1732671692671 0.001546794922129872 385
1732671692706 0.0016491816674645704 386
1732671692748 0.001664507040654176 387
1732671692784 0.0016133589902892708 388
1732671692814 0.0016220436955336481 389
1732671692838 0.0015688409706961144 390
1732671692875 0.0015585583460051566 391
1732671692900 0.001535462267623332 392
1732671692930 0.0015280030929716304 393
1732671692965 0.0015371432167566603 394
1732671692997 0.0014990967783060942 395
1732671693028 0.001428695977665484 396
1732671693061 0.001168224698631093 397
1732671693099 0.0014258892236587901 398
1732671693168 0.0015153378917602822 399
1732671693208 0.0014684179215691984 400
1732671693253 0.0013646335864905268 401
1732671693284 0.0013541239563242666 402
1732671693329 0.0013060164492344484 403
1732671693383 0.0012635781054591967 404
1732671693415 0.0012550615414511413 405
1732671693461 0.001236730493308807 406
1732671693509 0.0012518423560929175 407
1732671693541 0.0012437859147142333 408
1732671693582 0.0012735838577750006 409
1732671693615 0.001251550076995045 410
1732671693654 0.0013185668904043268 411
1732671693678 0.0013514107524636475 412
1732671693705 0.0013161076543231804 413
1732671693741 0.0013207101054783714 414
1732671693791 0.001336152176372707 415
1732671693818 0.0013232961951178453 416
1732671693842 0.0013644861067983914 417
1732671693872 0.0009766448056325316 418
1732671693898 0.0010721030412241817 419
1732671693941 0.0012070635954538982 420
1732671693976 0.0011865589767694473 421
1732671694026 0.0011706401593983174 422
1732671694061 0.0012293792678974569 423
1732671694107 0.001350910386203655 424
1732671694176 0.0013145168632036075 425
1732671694228 0.0012778823988305198 426
1732671694259 0.0013448957353830338 427
1732671694279 0.0013910267840732229 428
1732671694325 0.0013581601767024647 429
1732671694369 0.0013736835680902004 430
1732671694423 0.001340691274630704 431
1732671694466 0.001398324555096527 432
1732671694504 0.0013591171154985204 433
1732671694546 0.0013430582920965902 434
1732671694581 0.001340566067180286 435
1732671694627 0.001368283251251437 436
1732671694658 0.0013666578102856874 437
1732671694698 0.00136475889233961 438
1732671694732 0.0013410691674587063 439
1732671694768 0.0010900653433054686 440
1732671694804 0.0012405244051478803 441
1732671694850 0.0012584663927555084 442
1732671694893 0.0011710732651408762 443
1732671694932 0.0012439824640750885 444
1732671694964 0.0012388237907240789 445
1732671695003 0.0011527726975535707 446
1732671695035 0.0011448517107055523 447
1732671695067 0.001167143235862669 448
1732671695107 0.0011465553543530405 449
1732671695181 0.001156823243945837 450
1732671695222 0.0011822270268263917 451
1732671695259 0.0012171910180208774 452
1732671695289 0.0012113314670776682 453
1732671695334 0.0012122051790356635 454
1732671695367 0.001207066532515455 455
1732671695405 0.001230875776587602 456
1732671695451 0.0012255484988499018 457
1732671695496 0.0012938631085776969 458
1732671695514 0.0013167950964998454 459
1732671695555 0.0012925760820508003 460
1732671695587 0.0013035872623070397 461
1732671695616 0.001211813185364008 462
1732671695652 0.0011285808868706226 463
1732671695692 0.001092984030644099 464
1732671695737 0.0011717098532244563 465
1732671695765 0.0011919309152290225 466
1732671695811 0.0012554695713333786 467
1732671695850 0.0012092533454831158 468
1732671695894 0.0012383553839754313 469
1732671695935 0.001193181986713575 470
1732671695958 0.0011914845905266701 471
1732671696001 0.0011366251009431753 472
1732671696039 0.001151286637953793 473
1732671696080 0.0011928352222849543 474
1732671696122 0.0012292817451192864 475
1732671696178 0.0012552372257535656 476
1732671696232 0.0012688348215306178 477
1732671696269 0.001238411117810756 478
1732671696313 0.0012553067224669373 479
1732671696342 0.0012361930505568651 480
1732671696368 0.0012459192337701097 481
1732671696414 0.0012756660442045402 482
1732671696442 0.0012966372014489025 483
1732671696485 0.0014273670967668295 484
1732671696509 0.0013995104818604887 485
1732671696541 0.001398793188855052 486
1732671696582 0.0011948947358177975 487
1732671696624 0.0011778684915043415 488
1732671696660 0.0012122136249672621 489
1732671696697 0.0012192236109902816 490
1732671696743 0.0011691040635923855 491
1732671696770 0.0011584140399160485 492
1732671696796 0.0012213220063131303 493
1732671696834 0.0012733165164139461 494
1732671696859 0.0012944870735130583 495
1732671696899 0.0012802650856498915 496
1732671696936 0.0012752920281075472 497
1732671696987 0.0012516040238551795 498
1732671697025 0.001210669503052486 499
1732671697064 0.0012064853251692565 500
1732671697099 0.0012046951483676417 501
1732671697168 0.001219236399169619 502
1732671697205 0.0012184047693153844 503
1732671697245 0.0012338305019684846 504
1732671697285 0.0012230753649915146 505
1732671697324 0.0014845477417111397 506
1732671697368 0.001086803589714691 507
1732671697418 0.0011266317645398278 508
1732671697453 0.0012687446869676933 509
1732671697489 0.0013486871146596968 510
1732671697524 0.0013545253799141694 511
1732671697563 0.0012831288955307432 512
1732671697615 0.0012603171344380826 513
1732671697651 0.0012494912629740105 514
1732671697680 0.00124621894210577 515
1732671697714 0.0012661650967360897 516
1732671697742 0.001302153095214938 517
1732671697782 0.0012716204286194765 518
1732671697826 0.001258664348694895 519
1732671697861 0.0013242018719514211 520
1732671697900 0.0013060741330264136 521
1732671697950 0.0013304030974669492 522
1732671697993 0.0012879208467590313 523
1732671698040 0.001254824743802218 524
1732671698085 0.0012307238532230258 525
1732671698111 0.0012388853023626975 526
1732671698176 0.001238993120337413 527
1732671698210 0.0010666338494047523 528
1732671698244 0.0010099614737555385 529
1732671698277 0.0011299137258902192 530
1732671698330 0.0011132668878417462 531
1732671698376 0.0011463323840871452 532
1732671698416 0.001227542389339457 533
1732671698463 0.0012695870328960674 534
1732671698499 0.0012293764448259026 535
1732671698556 0.0012320562705604567 536
1732671698601 0.0012021560221910476 537
1732671698644 0.0012103258102962916 538
1732671698690 0.001217181309281538 539
1732671698728 0.0012108392189615048 540
1732671698772 0.0012283736307706153 541
1732671698803 0.0012136465171352028 542
1732671698823 0.0012224287202116102 543
1732671698873 0.0011966367293258801 544
1732671698929 0.0012129225845759113 545
1732671698975 0.0011987840193078707 546
1732671699014 0.0012207533174660057 547
1732671699040 0.0012339599308602157 548
1732671699073 0.0012221311758780344 549
1732671699109 0.0008501092088408768 550
1732671699164 0.0012425660679582506 551
1732671699196 0.0011730662663467228 552
1732671699234 0.001096972730010748 553
1732671699259 0.001133825327269733 554
1732671699295 0.0011429274842763941 555
1732671699323 0.0011035451316274703 556
1732671699364 0.0010626457587932236 557
1732671699406 0.0011901814658712181 558
1732671699426 0.0012356656894553452 559
1732671699481 0.0011986992956901138 560
1732671699513 0.0011888561712112278 561
1732671699573 0.0011811086352771292 562
1732671699619 0.0011805426994604723 563
1732671699657 0.0011560972663573921 564
1732671699704 0.0011645386439340655 565
1732671699736 0.0011634500663015334 566
1732671699772 0.001175459897947601 567
1732671699812 0.0011932127159333934 568
1732671699849 0.001188320232904516 569
1732671699894 0.0012020097707309539 570
1732671699916 0.0012008829322770578 571
1732671699950 0.0007634025532752275 572
1732671700006 0.001161005289759487 573
1732671700052 0.0010903044797790546 574
1732671700090 0.0010813125554705039 575
1732671700169 0.0010395201621577143 576
1732671700227 0.001094729290343821 577
1732671700276 0.001124470927087324 578
1732671700316 0.001155773687059991 579
1732671700348 0.0011540836809823911 580
1732671700363 0.0011348578846082091 581
1732671700415 0.0011472492372955787 582
1732671700447 0.0012212073682652165 583
1732671700492 0.0012376150743176157 584
1732671700518 0.001236743277071842 585
1732671700549 0.001219401058430473 586
1732671700589 0.0012271819214220159 587
1732671700615 0.0012034549213507596 588
1732671700659 0.001178554915693692 589
1732671700705 0.0011540764979527968 590
1732671700732 0.0011604594474192709 591
1732671700779 0.0011721281556501275 592
1732671700825 0.0012078191979195583 593
1732671700860 0.0010989726288244128 594
1732671700902 0.0014271470136009157 595
1732671700932 0.0011658602161332965 596
1732671700954 0.0012328697193879634 597
1732671700983 0.001153771299868822 598
1732671701023 0.0010995060632315774 599
1732671701050 0.0011019397560240968 600
1732671701077 0.001245060979272239 601
1732671701121 0.0012601485682858361 602
1732671701191 0.0012311053927987815 603
1732671701222 0.0012247264385223389 604
1732671701240 0.001222214651837324 605
1732671701275 0.0012204035525568402 606
1732671701305 0.001195142062247864 607
1732671701345 0.001181781121219198 608
1732671701384 0.0012036855405312963 609
1732671701413 0.0012321202289860916 610
1732671701438 0.0012488361228153938 611
1732671701460 0.0012501793864526246 612
1732671701496 0.0012167077220510691 613
1732671701531 0.0011917209513263689 614
1732671701571 0.0012181315396446735 615
1732671701600 0.0013255889061838388 616
1732671701642 0.0010864819632843137 617
1732671701681 0.00114663306158036 618
1732671701721 0.0011222472821827978 619
1732671701753 0.0011329055065289139 620
1732671701794 0.0010522927235191066 621
1732671701836 0.0010536122634740813 622
1732671701872 0.0010231263513560407 623
1732671701922 0.0010657748013424377 624
1732671701952 0.0010850613296497613 625
1732671701987 0.0011187679483555257 626
1732671702031 0.0011471131535169359 627
1732671702074 0.00116732588951261 628
1732671702122 0.0011321134890230106 629
1732671702195 0.0011314795003272593 630
1732671702243 0.0011126742065243889 631
1732671702275 0.0011132031932527967 632
1732671702301 0.0011218245264091012 633
1732671702346 0.0011379337887965928 634
1732671702389 0.0011310858622891828 635
1732671702442 0.001140108268286678 636
1732671702454 0.0011302337304434993 637
1732671702571 0.0007642869022674859 638
1732671702734 0.0009861002617981285 639
1732671702960 0.0012545546245140333 640
1732671703055 0.0012931486562592909 641
1732671703266 0.0012839527917094529 642
1732671703352 0.001198720895141984 643
1732671703403 0.0013048112741671503 644
1732671703429 0.0012840209165005945 645
1732671703455 0.0012447939564784367 646
1732671703518 0.001172548718750477 647
1732671703586 0.0011409447602504356 648
1732671703624 0.0011572755708281572 649
1732671703650 0.0011780237770066238 650
1732671703680 0.0011851642255870892 651
1732671703707 0.0011785268511933585 652
1732671703765 0.001192564541270258 653
1732671703799 0.001185393806629102 654
1732671703851 0.0011805684027624214 655
1732671703891 0.0011568558953800484 656
1732671703949 0.001152517757145688 657
1732671703986 0.0011319715912187739 658
1732671704028 0.0011202351571145382 659
1732671704050 0.0015626432141289115 660
1732671704090 0.001347127603366971 661
1732671704116 0.0014577945694327354 662
1732671704209 0.001321379400906153 663
1732671704265 0.0013567080837674438 664
1732671704291 0.0012579784379340708 665
1732671704335 0.0011526571553466575 666
1732671704369 0.0011190650111529976 667
1732671704427 0.0011146865629901488 668
1732671704455 0.0011291609844192863 669
1732671704495 0.0011497873876413162 670
1732671704529 0.001168891506191964 671
1732671704581 0.001156111668723707 672
1732671704608 0.001153370797900217 673
1732671704634 0.001139639434404671 674
1732671704682 0.0011380068826838396 675
1732671704734 0.0011278472580563497 676
1732671704775 0.001105213055982151 677
1732671704812 0.00107882255504496 678
1732671704851 0.0010876650136196985 679
1732671704890 0.0011070194083177263 680
1732671704927 0.001138745867964727 681
1732671704975 0.0015210259007290006 682
1732671705019 0.0012634979793801904 683
1732671705060 0.001131817155207197 684
1732671705086 0.0012015063548460603 685
1732671705118 0.0011836762772873045 686
1732671705192 0.0011721423943527043 687
1732671705234 0.0011218969177986895 688
1732671705262 0.001096889522159472 689
1732671705299 0.0010842686881207758 690
1732671705339 0.0010757024632766844 691
1732671705368 0.0011111247056925838 692
1732671705404 0.0010760314034996554 693
1732671705456 0.0010829524253495038 694
1732671705483 0.0011001633288937487 695
1732671705549 0.0010864191416961452 696
1732671705588 0.00106730365587282 697
1732671705626 0.0010603096692220254 698
1732671705659 0.0010536915376885897 699
1732671705703 0.0010657957387401869 700
1732671705743 0.0010780107520986348 701
1732671705785 0.0010720424331902038 702
1732671705821 0.0010911272574131462 703
1732671705866 0.0010551600717008114 704
1732671705908 0.001191780436784029 705
1732671705948 0.0013329844223335385 706
1732671705981 0.001379303663270548 707
1732671706019 0.0012968263821676374 708
1732671706078 0.0012464405347903569 709
1732671706111 0.0012077013878817005 710
1732671706199 0.001154508070612792 711
1732671706249 0.0011300630285404623 712
1732671706309 0.0011126978264655919 713
1732671706354 0.001092499846973541 714
1732671706393 0.0010837878168482955 715
1732671706435 0.0010552297552259495 716
1732671706476 0.0011079635296482593 717
1732671706516 0.001102190522942692 718
1732671706567 0.0010824967648659367 719
1732671706612 0.0011096451164442388 720
1732671706647 0.0011109822242158568 721
1732671706703 0.0010919637831026002 722
1732671706760 0.0011443102033808828 723
1732671706810 0.0011419835001496331 724
1732671706839 0.0011130694024772806 725
1732671706881 0.0006194324814714491 726
1732671706920 0.0007450197881553322 727
1732671706974 0.0009615078452043235 728
1732671707032 0.001047714744345285 729
1732671707065 0.0012478404329158365 730
1732671707095 0.001322407692593212 731
1732671707145 0.0012982958412197018 732
1732671707265 0.0013165638883947395 733
1732671707297 0.0013141784260773824 734
1732671707348 0.0012571437982842326 735
1732671707404 0.001247405159202489 736
1732671707453 0.001198764124031489 737
1732671707515 0.0011969380026969772 738
1732671707556 0.0011817993695980736 739
1732671707592 0.0011651396130522092 740
1732671707643 0.0011518403407535516 741
1732671707705 0.0011407600797931937 742
1732671707736 0.0011222350715090418 743
1732671707790 0.0011009065752947017 744
1732671707835 0.0010951698175631463 745
1732671707869 0.0011189217745725597 746
1732671707916 0.0010908735434482382 747
1732671707968 0.0010188637534156442 748
1732671708004 0.0008669765666127205 749
1732671708052 0.0008448445393393437 750
1732671708101 0.0009253985772375017 751
1732671708133 0.0011210473254323005 752
1732671708199 0.001086689056440567 753
1732671708235 0.0010508724621364049 754
1732671708283 0.001145960224675946 755
1732671708323 0.0011790106331722604 756
1732671708349 0.0011563427047803997 757
1732671708403 0.0011086800580166957 758
1732671708459 0.0011461753068336595 759
1732671708490 0.001122208710652418 760
1732671708526 0.0010969194242664213 761
1732671708572 0.0010736913614285489 762
1732671708604 0.0010522400953050237 763
1732671708659 0.0010501964065684553 764
1732671708683 0.0010343266023685122 765
1732671708734 0.001048233583692069 766
1732671708771 0.0010703554813517257 767
1732671708811 0.0010712562056834855 768
1732671708837 0.0010909010280474004 769
1732671708867 0.0011006977874785662 770
1732671708894 0.0008540628477931023 771
1732671708939 0.0009470239747315645 772
1732671708983 0.0010375535930506885 773
1732671709011 0.0010162302642129362 774
1732671709041 0.0009577151892396311 775
1732671709065 0.0009730650012248329 776
1732671709104 0.0009909207292366773 777
1732671709128 0.0009364811056810948 778
1732671709204 0.000959497457370162 779
1732671709246 0.0009267308209514754 780
1732671709288 0.0008954107227812832 781
1732671709321 0.0008981537808162662 782
1732671709358 0.0009357096693877663 783
1732671709396 0.0009457074804231525 784
1732671709438 0.0009980633840314113 785
1732671709470 0.000977655068067286 786
1732671709517 0.0009721358429588792 787
1732671709551 0.0009910204650000914 788
1732671709576 0.0009800708270631731 789
1732671709620 0.000994032343095612 790
1732671709659 0.0010334782524627042 791
1732671709689 0.0012050395598635077 792
1732671709744 0.0009812892822083086 793
1732671709786 0.001057188705696414 794
1732671709843 0.0010974676843034104 795
1732671709888 0.0011361643089912831 796
1732671709931 0.001118115954644357 797
1732671709965 0.0011277780951266842 798
1732671710013 0.0011333713118801825 799
1732671710058 0.0011204072442423138 800
1732671710098 0.0011077908391598612 801
1732671710141 0.0010810179096138613 802
1732671710196 0.0010750205983640626 803
1732671710234 0.0010577591556984072 804
1732671710282 0.001033806728498478 805
1732671710313 0.0010431108181364833 806
1732671710353 0.0010236513007839676 807
1732671710392 0.001012798713739304 808
1732671710448 0.0010370331001468003 809
1732671710484 0.0010476874334639625 810
1732671710500 0.001044498453848064 811
1732671710545 0.0010283791288245646 812
1732671710567 0.00104208092935468 813
1732671710598 0.0008727362146601081 814
1732671710646 0.000815422972664237 815
1732671710680 0.0007516017455297211 816
1732671710715 0.0008829168364172801 817
1732671710760 0.0009287166991271079 818
1732671710811 0.0009012427375031015 819
1732671710862 0.0009001075522974133 820
1732671710900 0.0009076709902728908 821
1732671710928 0.0009121109744430416 822
1732671710958 0.0009258695703465491 823
1732671710997 0.0009108076972717589 824
1732671711027 0.0009405831127272298 825
1732671711074 0.0009804778517438816 826
1732671711120 0.0009776975327570523 827
1732671711173 0.0009546851157210767 828
1732671711215 0.0009512876058579423 829
1732671711263 0.001012605635504074 830
1732671711297 0.0010067105273871373 831
1732671711329 0.0009933590251756342 832
1732671711381 0.0009984118514694273 833
1732671711406 0.0010186827165030298 834
1732671711438 0.001017864534250376 835
1732671711472 0.0011228335788473487 836
1732671711511 0.0012644314556382596 837
1732671711549 0.0013905100446815293 838
1732671711583 0.0012455738033168018 839
1732671711621 0.0011699863942340016 840
1732671711657 0.0011542968568392098 841
1732671711689 0.0010980969860351511 842
1732671711726 0.0010861941700568423 843
1732671711766 0.0010559724436865912 844
1732671711791 0.0010573463630862534 845
1732671711843 0.0010405669295737011 846
1732671711874 0.00105423059721943 847
1732671711906 0.0010651696177844245 848
1732671711945 0.0010558767659988786 849
1732671712050 0.0010583431227132677 850
1732671712084 0.001037550999171799 851
1732671712116 0.001035065797623247 852
1732671712158 0.0010284078663163301 853
1732671712226 0.0010413331328891218 854
1732671712258 0.0010741812438936904 855
1732671712302 0.001053917640265787 856
1732671712348 0.0010186389554291964 857
1732671712386 0.0013407566584646702 858
1732671712425 0.0010494379966985434 859
1732671712446 0.001114535320084542 860
1732671712480 0.0011114238732261583 861
1732671712503 0.001073833357077092 862
1732671712549 0.001049546922634666 863
1732671712588 0.0010300287561091994 864
1732671712624 0.0010771122397272848 865
1732671712661 0.0010715911565865907 866
1732671712712 0.0010508872161153703 867
1732671712760 0.0010323029762895947 868
1732671712808 0.001033186509933633 869
1732671712849 0.001029236013821971 870
1732671712879 0.0010123709341444606 871
1732671712915 0.000987553840968758 872
1732671712959 0.0009849823109107092 873
1732671712995 0.0009690451209762079 874
1732671713035 0.0009633201245580696 875
1732671713069 0.0009881323724249868 876
1732671713104 0.000995186049840413 877
1732671713132 0.0009917841830645643 878
1732671713186 0.0010097518176983365 879
1732671713219 0.0007287163170985878 880
1732671713251 0.0007690407510381192 881
1732671713293 0.0008977651402043799 882
1732671713326 0.0009962745971279219 883
1732671713365 0.0009588099666871131 884
1732671713389 0.0009434027403282622 885
1732671713436 0.0010130965716338583 886
1732671713476 0.001042202566168271 887
1732671713512 0.0009962189489872092 888
1732671713532 0.0010237439011689276 889
1732671713585 0.0010176660778762941 890
1732671713628 0.0010328141167216625 891
1732671713664 0.0010193574797505369 892
1732671713699 0.0009871286082281066 893
1732671713734 0.0010103133468267818 894
1732671713772 0.0010170796849706676 895
1732671713797 0.0009898671859820537 896
1732671713837 0.0009844338928814977 897
1732671713879 0.0009793185132653697 898
1732671713913 0.000979778522741981 899
1732671713950 0.0009929999193575764 900
1732671713977 0.000986079291165383 901
1732671714022 0.0006258115754462779 902
1732671714049 0.000834105332614854 903
1732671714091 0.0008440622477792203 904
1732671714131 0.0007297332922462374 905
1732671714193 0.0007000366691499949 906
1732671714237 0.0007837959953273336 907
1732671714268 0.000780385619561587 908
1732671714290 0.0008366008260054514 909
1732671714333 0.000842810931822492 910
1732671714373 0.0008402811479754746 911
1732671714407 0.0008459172783080827 912
1732671714449 0.0008569809336525699 913
1732671714484 0.0008807364367665007 914
1732671714523 0.0008820750891962754 915
1732671714566 0.0009058510302565991 916
1732671714602 0.0009452541307837237 917
1732671714636 0.0009391549632281941 918
1732671714663 0.0009577640707397626 919
1732671714710 0.0009586276382354921 920
1732671714739 0.0009424026939086616 921
1732671714784 0.000956345804124361 922
1732671714817 0.0009708790140311149 923
1732671714865 0.0013799663865938783 924
1732671714904 0.0012359730899333954 925
1732671714950 0.0011598145744452875 926
1732671714990 0.0011859285295940936 927
1732671715036 0.0011397594120353461 928
1732671715081 0.0010674820902446906 929
1732671715121 0.0010903507604130677 930
1732671715178 0.0010536982154008001 931
1732671715215 0.0010741746130709846 932
1732671715259 0.0010203924146480858 933
1732671715287 0.000987491337582469 934
1732671715404 0.0009981411955474566 935
1732671715441 0.0009718204561907512 936
1732671715465 0.0009809229024020688 937
1732671715507 0.0009673908663292726 938
1732671715550 0.0009519168124825228 939
1732671715588 0.0009567744187627207 940
1732671715613 0.000945328130102199 941
1732671715658 0.0009550334377165296 942
1732671715698 0.0009384709555888548 943
1732671715730 0.000950178805006934 944
1732671715762 0.0009781279606448318 945
1732671715803 0.0009313613409176469 946
1732671715838 0.001142393855843693 947
1732671715870 0.0011962276184931397 948
1732671715921 0.001019046365399845 949
1732671715959 0.0010049605392850936 950
1732671715999 0.0009571799697975317 951
1732671716026 0.0009482882284958448 952
1732671716075 0.0009252802701666951 953
1732671716104 0.000926073194326212 954
1732671716141 0.0009376212779898197 955
1732671716167 0.0009325277959843251 956
1732671716250 0.0009019476953350628 957
1732671716290 0.0009114241917044497 958
1732671716327 0.0009412811778020114 959
1732671716370 0.0009397591891077658 960
1732671716401 0.0009622389734431636 961
1732671716425 0.0009506251560250187 962
1732671716473 0.0009584562665420688 963
1732671716508 0.0009457665575227063 964
1732671716544 0.0009503025939920917 965
1732671716579 0.0009522660153119691 966
1732671716609 0.0009753986140078103 967
1732671716640 0.0008023830596357584 968
1732671716684 0.001062742609065026 969
1732671716727 0.0011042952537536621 970
1732671716771 0.0011591183429118246 971
1732671716797 0.0010312566999346017 972
1732671716818 0.0009963075960210215 973
1732671716861 0.000963431699866695 974
1732671716905 0.000976431998424232 975
1732671716944 0.0009464748242559532 976
1732671716974 0.0009631931956391781 977
1732671717019 0.0009931677962992 978
1732671717049 0.0009612925738717119 979
1732671717093 0.0009834587376994581 980
1732671717138 0.0010231985777084316 981
1732671717205 0.0010021523921750486 982
1732671717250 0.0009843233056017198 983
1732671717291 0.0009985452942440614 984
1732671717321 0.0009822755010746834 985
1732671717359 0.0009865408769416575 986
1732671717395 0.0009723258262965828 987
1732671717452 0.0009634290306296732 988
1732671717516 0.0009529749143191359 989
1732671717568 0.0012703589163720608 990
1732671717610 0.0011597175034694374 991
1732671717651 0.0009408821351826191 992
1732671717692 0.0009270597365684807 993
1732671717723 0.0009169556898996234 994
1732671717784 0.0010051970020867884 995
1732671717865 0.0010014931072614022 996
1732671717953 0.0010376473219366744 997
1732671718012 0.0010274946689605713 998
1732671718051 0.0010192927904427052 999
1732671718090 0.0010092363862151449 1000
1732671718126 0.000999833884028097 1001
1732671718184 0.0009846388801144292 1002
1732671718222 0.0009844752452668867 1003
1732671718266 0.0009606211368615429 1004
1732671718318 0.0009424518866580911 1005
1732671718345 0.0009428147322443478 1006
1732671718385 0.0009265413779454926 1007
1732671718411 0.0009201350468701046 1008
1732671718459 0.0009122258663410321 1009
1732671718506 0.0009169012025397803 1010
1732671718546 0.0009179821645375341 1011
1732671718579 0.0004699818673543632 1012
1732671718621 0.0009586259548086673 1013
1732671718655 0.0011736873808937769 1014
1732671718687 0.001231337882927619 1015
1732671718718 0.001109630288556218 1016
1732671718759 0.0011631787056103349 1017
1732671718791 0.0011793306496526515 1018
1732671718831 0.0011312273927615024 1019
1732671718865 0.0010559202766873771 1020
1732671718905 0.0010156308300793171 1021
1732671718937 0.0010016422866928306 1022
1732671718967 0.0010122944950126112 1023
1732671719002 0.0010188615146594553 1024
1732671719032 0.0009872290788085333 1025
1732671719084 0.000975916759731869 1026
1732671719112 0.000972857389569981 1027
1732671719140 0.0009776055162279483 1028
1732671719204 0.0009632108946486065 1029
1732671719244 0.0009575830190442502 1030
1732671719283 0.0009411021892447025 1031
1732671719321 0.0009400334369967736 1032
1732671719353 0.0009384647921913049 1033
1732671719392 0.001023119897581637 1034
1732671719448 0.0007318122952710837 1035
1732671719481 0.0007898263284005225 1036
1732671719507 0.0009240637737093493 1037
1732671719547 0.0008661945583298802 1038
1732671719570 0.0008386173576582223 1039
1732671719606 0.0007687271988418486 1040
1732671719636 0.0008030745157157071 1041
1732671719672 0.0009178261777075628 1042
1732671719699 0.0009445124247577042 1043
1732671719736 0.0009300420484082265 1044
1732671719769 0.0009100069873966277 1045
1732671719795 0.0009107523454496494 1046
1732671719843 0.0009370281726920179 1047
1732671719870 0.0009370366189007958 1048
1732671719912 0.0009430629143025726 1049
1732671719963 0.0009236682055737166 1050
1732671720002 0.0009314256797855099 1051
1732671720052 0.000941029302530775 1052
1732671720100 0.0009510198433417827 1053
1732671720139 0.0009509802219413576 1054
1732671720206 0.0009581749380396849 1055
1732671720268 0.0010508195264264941 1056
1732671720300 0.0010406073997728527 1057
1732671720349 0.00103933682354788 1058
1732671720387 0.0010905128438025713 1059
1732671720422 0.0010620581917464734 1060
1732671720456 0.0010516832116991282 1061
1732671720507 0.0010680763183959893 1062
1732671720536 0.0010413661439088173 1063
1732671720592 0.0009943268830991453 1064
1732671720632 0.0009600093704648316 1065
1732671720662 0.0009415332884104414 1066
1732671720699 0.0009493005248562744 1067
1732671720729 0.0009666912597962297 1068
1732671720766 0.0009496016136836261 1069
1732671720799 0.0009497616323642432 1070
1732671720827 0.0009405118653376121 1071
1732671720862 0.0009308320346891004 1072
1732671720913 0.0009259346633269968 1073
1732671721017 0.0009242492378689349 1074
1732671721060 0.000931441897409968 1075
1732671721106 0.0009160768545587503 1076
1732671721221 0.0009262116006787189 1077
1732671721260 0.0013491114368662238 1078
1732671721326 0.0011173134262207896 1079
1732671721380 0.0011337092340302963 1080
1732671721443 0.0009968833619495854 1081
1732671721483 0.0009436256368644536 1082
1732671721547 0.0008868030563462526 1083
1732671721628 0.0008715892493325685 1084
1732671721660 0.0008589205535827205 1085
1732671721703 0.0008816257403749558 1086
1732671721756 0.0008615627069957554 1087
1732671721791 0.000860235981897197 1088
1732671721826 0.000873433940190201 1089
1732671721870 0.0008750895638233767 1090
1732671721906 0.0008863617508073471 1091
1732671721935 0.0009075110040915509 1092
1732671721968 0.0008959307124314364 1093
1732671722089 0.0009184816393398625 1094
1732671722618 0.0008951868997731557 1095
1732671722655 0.0009082181679428016 1096
1732671722701 0.0009260093996999785 1097
1732671722993 0.0009416114023354437 1098
1732671723152 0.0009322591755666177 1099
