1732672701959 0.4588915705680847 0
1732672703311 0.06070731580257416 22
1732672704355 0.009290246292948723 44
1732672704968 0.003174343379214406 66
1732672705309 0.002102165948599577 88
1732672705669 0.0019150396110489964 110
1732672706018 0.0016748340567573905 132
1732672706358 0.002009275136515498 154
1732672706778 0.0019891150295734406 176
1732672707102 0.0016367650823667645 198
1732672707439 0.0012345691211521626 220
1732672707783 0.0013117078924551606 242
1732672708111 0.0023903853725641966 264
1732672708452 0.001225801301188767 286
1732672708885 0.0010722641600295901 308
1732672709235 0.0008701490005478263 330
1732672709576 0.0018344030249863863 352
1732672709993 0.0015995854046195745 374
1732672710358 0.0017718069721013308 396
1732672710726 0.0010924712987616658 418
1732672711113 0.0009422212606295943 440
1732672711451 0.0010415279539301991 462
1732672711901 0.0009443531162105501 484
1732672712269 0.0010252713691443205 506
1732672712645 0.0012483533937484026 528
1732672713022 0.0015480099245905876 550
1732672713367 0.0008294119616039097 572
1732672713771 0.0014900999376550317 594
1732672714188 0.0014324826188385487 616
1732672714514 0.000812627375125885 638
1732672714897 0.0007445131777785718 660
1732672715296 0.0010554190957918763 682
1732672715673 0.0009141344344243407 704
1732672716030 0.0011851125163957477 726
1732672716389 0.0015313548501580954 748
1732672716785 0.0016820578603073955 770
1732672717137 0.0010244599543511868 792
1732672717502 0.0005626187776215374 814
1732672717877 0.0007461121422238648 836
1732672718278 0.00148360850289464 858
1732672718683 0.0005963733419775963 880
1732672719046 0.0008201724849641323 902
1732672719402 0.0008878685184754431 924
1732672719801 0.0012987343361601233 946
1732672720156 0.000985632068477571 968
1732672720514 0.0010776894632726908 990
1732672720912 0.0006051324889995158 1012
1732672721253 0.0009436069522053003 1034
1732672721642 0.0008291287231259048 1056
1732672722018 0.0009363724966533482 1078
