1732672367370 0.3649252653121948 0
1732672368146 0.07893116772174835 22
1732672370038 0.004205999430269003 44
1732672370858 0.005591494031250477 66
1732672371409 0.0026919101364910603 88
1732672371743 0.002631136914715171 110
1732672372157 0.0024234342854470015 132
1732672372540 0.0014271767577156425 154
1732672372904 0.0015810264740139246 176
1732672373220 0.0015491829253733158 198
1732672373601 0.0016839769668877125 220
1732672373944 0.0016444993671029806 242
1732672374307 0.0010745303006842732 264
1732672374738 0.0014659494627267122 286
1732672375120 0.0020418891217559576 308
1732672375490 0.001533036702312529 330
1732672375845 0.002039436949416995 352
1732672376188 0.0010881004855036736 374
1732672376545 0.002072160132229328 396
1732672376892 0.000934101059101522 418
1732672377260 0.0013519225176423788 440
1732672377641 0.0010850031394511461 462
1732672378021 0.0014825935941189528 484
1732672378513 0.0006460726144723594 506
1732672378915 0.001207381603308022 528
1732672379296 0.0009826318128034472 550
1732672379697 0.0008090923656709492 572
1732672380161 0.001081489841453731 594
1732672380622 0.001946733915247023 616
1732672381026 0.0014785013627260923 638
1732672381428 0.0009367754682898521 660
1732672381801 0.0017644489416852593 682
1732672382144 0.0012416538083925843 704
1732672382518 0.0008290480473078787 726
1732672382833 0.0008822829695418477 748
1732672383184 0.0010974305914714932 770
1732672383536 0.0006990436813794076 792
1732672383910 0.0009661639342084527 814
1732672384281 0.0011228825896978378 836
1732672384684 0.00123372464440763 858
1732672385066 0.00104445219039917 880
1732672385512 0.0014101674314588308 902
1732672385945 0.0013311983784660697 924
1732672386382 0.0008120237616822124 946
1732672386772 0.0009855994721874595 968
1732672387165 0.0008322306093759835 990
1732672387558 0.0005661772447638214 1012
1732672387927 0.0010350407101213932 1034
1732672388349 0.001322946627624333 1056
1732672388706 0.0009176813182421029 1078
