1732669225017 0.4128236174583435 0
1732669226284 0.024981845170259476 22
1732669227464 0.004094143398106098 44
1732669228386 0.002460789866745472 66
1732669229285 0.0020722218323498964 88
1732669229980 0.0015269677387550473 110
1732669231031 0.0015208484837785363 132
1732669233503 0.0021196119487285614 154
1732669234303 0.0016425964422523975 176
1732669235065 0.0016140362713485956 198
1732669235752 0.0016649164026603103 220
1732669237390 0.0015022828010842204 242
1732669238732 0.001359659479930997 264
1732669239837 0.0015609500696882606 286
1732669241069 0.0013318154960870743 308
1732669242052 0.0011595225660130382 330
1732669242750 0.0016017216257750988 352
1732669243438 0.001790797570720315 374
1732669244200 0.0018994798883795738 396
1732669244834 0.001473680604249239 418
1732669245494 0.001280214637517929 440
1732669246443 0.0011178955901414156 462
1732669248653 0.0011692693224176764 484
1732669249362 0.001807919703423977 506
1732669250088 0.0010144314728677273 528
1732669251125 0.001255812356248498 550
1732669251816 0.001261187600903213 572
1732669252524 0.0015451435465365648 594
1732669253271 0.001384649658575654 616
1732669253962 0.0007362265605479479 638
1732669254645 0.0018176959129050374 660
1732669255389 0.0008405388798564672 682
1732669256192 0.0010762345045804977 704
1732669256918 0.0013194738421589136 726
1732669257621 0.0011200414737686515 748
1732669258413 0.0009183025103993714 770
1732669259126 0.0013341441517695785 792
1732669259879 0.0008433356997556984 814
1732669260609 0.0008069232571870089 836
1732669262881 0.001022923388518393 858
1732669264533 0.0008412371389567852 880
1732669265746 0.0010912821162492037 902
1732669266507 0.0010312017984688282 924
1732669267220 0.0010419627651572227 946
1732669268044 0.0004444203805178404 968
1732669268770 0.0014279044698923826 990
1732669269451 0.0007959932554513216 1012
1732669270178 0.0007000146433711052 1034
1732669271068 0.0006309965392574668 1056
1732669271769 0.0007313719252124429 1078
